2000000.0 0.9985 0.9961 0.9915
2002500.0 0.9984 0.9952 0.9913
2005000.0 0.9988 0.9962 0.9914
2007500.0 0.9984 0.9965 0.9924
2010000.0 0.9989 0.9955 0.9899
2012500.0 0.9987 0.9958 0.9913
2015000.0 0.9979 0.9951 0.9893
2017500.0 0.9987 0.9963 0.9918
2020000.0 0.9978 0.9943 0.9889
2022500.0 0.9985 0.9952 0.9897
2025000.0 0.9981 0.9954 0.9903
2027500.0 0.9976 0.9942 0.9874
2030000.0 0.9979 0.994 0.9882
2032500.0 0.9981 0.9956 0.9898
2035000.0 0.999 0.995 0.9892
2037500.0 0.9977 0.9938 0.9886
2040000.0 0.9986 0.9955 0.9888
2042500.0 0.9988 0.9955 0.9896
2045000.0 0.9978 0.9946 0.9898
2047500.0 0.9985 0.9946 0.9878
2050000.0 0.9981 0.9946 0.989
2052500.0 0.9979 0.9946 0.9889
2055000.0 0.9976 0.9931 0.9857
2057500.0 0.9985 0.9943 0.988
2060000.0 0.9971 0.993 0.9871
2062500.0 0.9971 0.9918 0.984
2065000.0 0.9977 0.994 0.9882
2067500.0 0.9977 0.9941 0.9874
2070000.0 0.998 0.9933 0.9855
2072500.0 0.9986 0.9944 0.9872
2075000.0 0.9979 0.9942 0.9889
2077500.0 0.9978 0.9919 0.9849
2080000.0 0.9971 0.9915 0.9847
2082500.0 0.9978 0.9932 0.9863
2085000.0 0.9964 0.9927 0.9855
2087500.0 0.997 0.9926 0.9843
2090000.0 0.9972 0.9938 0.9869
2092500.0 0.9966 0.9924 0.9841
2095000.0 0.9972 0.9922 0.9833
2097500.0 0.9965 0.9899 0.9828
2100000.0 0.9972 0.9925 0.9847
2102500.0 0.9976 0.9919 0.9822
2105000.0 0.9968 0.9924 0.9837
2107500.0 0.9961 0.9918 0.9834
2110000.0 0.9976 0.9918 0.9808
2112500.0 0.9969 0.9912 0.9809
2115000.0 0.9975 0.9924 0.9845
2117500.0 0.9968 0.9914 0.981
2120000.0 0.9967 0.9913 0.983
2122500.0 0.9976 0.9921 0.982
2125000.0 0.9962 0.9898 0.9819
