2000000	0.9985	0.9961	0.9915
2002500	0.9984	0.9952	0.9913
2005000	0.9988	0.9962	0.9914
2007500	0.9984	0.9965	0.9924
2010000	0.9989	0.9955	0.9899
2012500	0.9987	0.9958	0.9913
2015000	0.9979	0.9951	0.9893
2017500	0.9987	0.9963	0.9918
2020000	0.9978	0.9943	0.9889
2022500	0.9985	0.9952	0.9897
2025000	0.9981	0.9954	0.9903
2027500	0.9976	0.9942	0.9874
2030000	0.9979	0.994	0.9882
2032500	0.9981	0.9956	0.9898
2035000	0.999	0.995	0.9892
2037500	0.9977	0.9938	0.9886
2040000	0.9986	0.9955	0.9888
2042500	0.9988	0.9955	0.9896
2045000	0.9978	0.9946	0.9898
2047500	0.9985	0.9946	0.9878
2050000	0.9981	0.9946	0.989
2052500	0.9979	0.9946	0.9889
2055000	0.9976	0.9931	0.9857
2057500	0.9985	0.9943	0.988
2060000	0.9971	0.993	0.9871
2062500	0.9971	0.9918	0.984
2065000	0.9977	0.994	0.9882
2067500	0.9977	0.9941	0.9874
2070000	0.998	0.9933	0.9855
2072500	0.9986	0.9944	0.9872
2075000	0.9979	0.9942	0.9889
2077500	0.9978	0.9919	0.9849
2080000	0.9971	0.9915	0.9847
2082500	0.9978	0.9932	0.9863
2085000	0.9964	0.9927	0.9855
2087500	0.997	0.9926	0.9843
2090000	0.9972	0.9938	0.9869
2092500	0.9966	0.9924	0.9841
2095000	0.9972	0.9922	0.9833
2097500	0.9965	0.9899	0.9828
2100000	0.9972	0.9925	0.9847
2102500	0.9976	0.9919	0.9822
2105000	0.9968	0.9924	0.9837
2107500	0.9961	0.9918	0.9834
2110000	0.9976	0.9918	0.9808
2112500	0.9969	0.9912	0.9809
2115000	0.9975	0.9924	0.9845
2117500	0.9968	0.9914	0.981
2120000	0.9967	0.9913	0.983
2122500	0.9976	0.9921	0.982
2125000	0.9962	0.9898	0.9819
2127500	0.9968	0.989	0.9793
2130000	0.997	0.9922	0.981
2132500	0.9959	0.9898	0.9783
2135000	0.9964	0.9881	0.9766
2137500	0.996	0.9892	0.979
2140000	0.9958	0.9885	0.9788
2142500	0.9954	0.9879	0.9788
2145000	0.9968	0.9895	0.9778
2147500	0.9948	0.9879	0.9786
2150000	0.9952	0.9882	0.9768
2152500	0.9959	0.9885	0.9767
2155000	0.9955	0.9886	0.978
2157500	0.9959	0.9878	0.9745
2160000	0.9949	0.9866	0.9756
2162500	0.9949	0.9877	0.975
2165000	0.9942	0.9864	0.9732
2167500	0.9949	0.9864	0.9729
2170000	0.994	0.9865	0.9725
2172500	0.9951	0.9888	0.9753
2175000	0.9946	0.9872	0.9728
2177500	0.9935	0.9842	0.9724
2180000	0.9942	0.9838	0.9712
2182500	0.9935	0.9871	0.973
2185000	0.9931	0.9844	0.9714
2187500	0.9935	0.9848	0.9718
2190000	0.9933	0.9838	0.9694
2192500	0.994	0.9838	0.9675
2195000	0.9925	0.982	0.969
2197500	0.9929	0.9819	0.9667
2200000	0.9934	0.9822	0.9696
2202500	0.9918	0.9802	0.9642
2205000	0.9905	0.9802	0.9648
2207500	0.9917	0.9818	0.9672
2210000	0.9915	0.9811	0.9645
2212500	0.9904	0.9814	0.9644
2215000	0.9892	0.9793	0.963
2217500	0.9911	0.9777	0.9612
2220000	0.9906	0.9787	0.9619
2222500	0.9917	0.9803	0.9629
2225000	0.9906	0.9772	0.9621
2227500	0.9904	0.9783	0.96
2230000	0.9894	0.9761	0.9585
2232500	0.9906	0.9773	0.9598
2235000	0.9884	0.9744	0.9558
2237500	0.9879	0.9754	0.957
2240000	0.9875	0.9742	0.9589
2242500	0.9883	0.9758	0.9569
2245000	0.9879	0.9727	0.9554
2247500	0.9897	0.9746	0.9537
2250000	0.9884	0.9747	0.9547
2252500	0.9867	0.9715	0.9516
2255000	0.9855	0.9685	0.9456
2257500	0.9886	0.9733	0.9525
2260000	0.9859	0.9682	0.9493
2262500	0.9831	0.9662	0.9443
2265000	0.9848	0.9681	0.9451
2267500	0.9853	0.9678	0.9453
2270000	0.9828	0.9654	0.9436
2272500	0.9819	0.9633	0.9403
2275000	0.9821	0.9632	0.9388
2277500	0.9851	0.9663	0.9381
2280000	0.9818	0.9632	0.939
2282500	0.9825	0.9635	0.9387
2285000	0.9803	0.9619	0.9362
2287500	0.982	0.9594	0.9336
2290000	0.98	0.9605	0.9355
2292500	0.979	0.9582	0.9311
2295000	0.9799	0.9548	0.9302
2297500	0.9787	0.9542	0.9292
2300000	0.9798	0.9564	0.9292
2302500	0.9757	0.9512	0.9234
2305000	0.9783	0.9528	0.9208
2307500	0.9758	0.9512	0.9244
2310000	0.9756	0.9482	0.9176
2312500	0.9739	0.9485	0.9177
2315000	0.9721	0.9458	0.9149
2317500	0.9734	0.9473	0.9139
2320000	0.9725	0.9469	0.913
2322500	0.9709	0.9462	0.9153
2325000	0.9701	0.9384	0.9066
2327500	0.9696	0.9415	0.9073
2330000	0.9706	0.9413	0.9075
2332500	0.9691	0.9407	0.9028
2335000	0.9679	0.941	0.9033
2337500	0.9688	0.9393	0.9048
2340000	0.9625	0.9309	0.8941
2342500	0.9644	0.934	0.8947
2345000	0.9631	0.9307	0.8919
2347500	0.9608	0.9275	0.8893
2350000	0.9557	0.9243	0.8841
2352500	0.9616	0.9255	0.8848
2355000	0.9552	0.9185	0.8775
2357500	0.953	0.9193	0.8787
2360000	0.9525	0.9143	0.8699
2362500	0.9514	0.9123	0.867
2365000	0.9538	0.9139	0.8709
2367500	0.9498	0.91	0.8598
2370000	0.9474	0.9049	0.8598
2372500	0.949	0.9063	0.8584
2375000	0.9419	0.8962	0.8494
2377500	0.9419	0.9016	0.8567
2380000	0.9374	0.8936	0.8482
2382500	0.9381	0.8955	0.8478
2385000	0.9357	0.8901	0.8433
2387500	0.9329	0.8848	0.8346
2390000	0.9301	0.8839	0.8333
2392500	0.9243	0.8744	0.825
2395000	0.926	0.8763	0.8229
2397500	0.925	0.8688	0.8132
2400000	0.9201	0.8703	0.8146
2402500	0.9191	0.8678	0.8113
2405000	0.9163	0.8573	0.7953
2407500	0.9125	0.8549	0.7954
2410000	0.9051	0.8453	0.7856
2412500	0.9	0.8436	0.7816
2415000	0.9005	0.84	0.78
2417500	0.8892	0.8257	0.7642
2420000	0.8916	0.829	0.7679
2422500	0.8807	0.8148	0.7514
2425000	0.8836	0.8203	0.7555
2427500	0.8756	0.8078	0.7445
2430000	0.8694	0.8016	0.7376
2432500	0.8638	0.7894	0.7221
2435000	0.8562	0.7829	0.7105
2437500	0.8488	0.7747	0.7083
2440000	0.8483	0.7748	0.7016
2442500	0.8426	0.7662	0.6907
2445000	0.8267	0.7493	0.6721
2447500	0.8175	0.7378	0.663
2450000	0.8123	0.7327	0.6558
2452500	0.8034	0.722	0.6461
2455000	0.7895	0.7031	0.6291
2457500	0.777	0.6871	0.6092
2460000	0.7648	0.6726	0.5954
2462500	0.7486	0.6525	0.5725
2465000	0.7324	0.6414	0.5632
2467500	0.731	0.6353	0.5558
2470000	0.7108	0.6102	0.5278
2472500	0.6952	0.5967	0.5146
2475000	0.6691	0.5667	0.4926
2477500	0.6508	0.5555	0.474
2480000	0.6251	0.5287	0.4459
2482500	0.5939	0.4987	0.416
2485000	0.5639	0.4655	0.3913
2487500	0.535	0.4308	0.362
2490000	0.4826	0.3913	0.3253
2492500	0.4308	0.3451	0.2816
2495000	0.3674	0.2837	0.2266
2497500	0.2805	0.2138	0.172
